   0.000000	   0.100000
   0.088858	   0.097752
   0.177715	   0.091036
   0.266573	   0.079933
   0.355431	   0.064580
   0.444288	   0.045163
   0.533146	   0.021918
   0.622004	  -0.004874
   0.710861	  -0.034890
   0.799719	  -0.067773
   0.888577	  -0.103131
   0.977434	  -0.140549
   1.066292	  -0.179593
   1.155150	  -0.219812
   1.244007	  -0.260752
   1.332865	  -0.301956
   1.421723	  -0.342975
   1.510580	  -0.383369
   1.599438	  -0.422720
   1.688296	  -0.460631
   1.777153	  -0.496738
   1.866011	  -0.530707
   1.954868	  -0.562246
   2.043726	  -0.591103
   2.132584	  -0.617074
   2.221441	  -0.640000
   2.310299	  -0.659772
   2.399157	  -0.676330
   2.488014	  -0.689665
   2.576872	  -0.699816
   2.665730	  -0.706869
   2.754587	  -0.710956
   2.843445	  -0.712250
   2.932303	  -0.710962
   3.021160	  -0.707337
   3.110018	  -0.701650
   3.198876	  -0.694200
   3.287733	  -0.685304
   3.376591	  -0.675291
   3.465449	  -0.664498
   3.554306	  -0.653262
   3.643164	  -0.641916
   3.732022	  -0.658026
   3.820879	  -0.696459
   3.909737	  -0.729546
   3.998595	  -0.757373
   4.087452	  -0.780020
   4.176310	  -0.797556
   4.265168	  -0.810040
   4.354025	  -0.817512

   4.442883	  -0.820000
   4.531741	  -0.819092
   4.620598	  -0.816373
   4.709456	  -0.811852
   4.798314	  -0.805548
   4.887171	  -0.797486
   4.976029	  -0.787697
   5.064887	  -0.776220
   5.153744	  -0.763101
   5.242602	  -0.748391
   5.331460	  -0.732148
   5.420317	  -0.714436
   5.509175	  -0.695326
   5.598033	  -0.674892
   5.686890	  -0.653215
   5.775748	  -0.630381
   5.864605	  -0.606480
   5.953463	  -0.581607
   6.042321	  -0.555858
   6.131178	  -0.529337
   6.220036	  -0.502148
   6.308894	  -0.474397
   6.397751	  -0.446195
   6.486609	  -0.417653
   6.575467	  -0.388884
   6.664324	  -0.360000
   6.753182	  -0.331116
   6.842040	  -0.302347
   6.930897	  -0.273805
   7.019755	  -0.245603
   7.108613	  -0.217852
   7.197470	  -0.190663
   7.286328	  -0.164142
   7.375186	  -0.138393
   7.464043	  -0.113520
   7.552901	  -0.089619
   7.641759	  -0.066785
   7.730616	  -0.045108
   7.819474	  -0.024674
   7.908332	  -0.005564
   7.997189	   0.012148
   8.086047	   0.028391
   8.174905	   0.043101
   8.263762	   0.056220
   8.352620	   0.067697
   8.441478	   0.077486
   8.530335	   0.085548
   8.619193	   0.091852
   8.708051	   0.096373
   8.796908	   0.099092

   8.885766	   0.100000
   8.948598	   0.099209
   9.011430	   0.096821
   9.074261	   0.092789
   9.137093	   0.087035
   9.199925	   0.079453
   9.262757	   0.069904
   9.325589	   0.058224
   9.388421	   0.044220
   9.451253	   0.027678
   9.514084	   0.008362
   9.576916	  -0.013979
   9.639748	  -0.039605
   9.702580	  -0.068778
   9.765412	  -0.101751
   9.828244	  -0.138762
   9.891076	  -0.180019
   9.953907	  -0.225689
  10.016739	  -0.275888
  10.079571	  -0.330670
  10.142403	  -0.390018
  10.205235	  -0.453838
  10.268067	  -0.521957
  10.330898	  -0.594126
  10.393730	  -0.670018
  10.456562	  -0.749242
  10.519394	  -0.831346
  10.582226	  -0.915829
  10.645058	  -1.002152
  10.707890	  -1.089751
  10.770721	  -1.178043
  10.833553	  -1.266435
  10.896385	  -1.354338
  10.959217	  -1.441166
  11.022049	  -1.526351
  11.084881	  -1.609337
  11.147713	  -1.689594
  11.210544	  -1.766615
  11.273376	  -1.839922
  11.336208	  -1.909066
  11.399040	  -1.973628
  11.461872	  -2.033224
  11.524704	  -2.087502
  11.587536	  -2.136148
  11.650367	  -2.178880
  11.713199	  -2.215454
  11.776031	  -2.245663
  11.838863	  -2.269335
  11.901695	  -2.286340
  11.964527	  -2.296580

  12.027359	  -2.300000
  12.090190	  -2.296580
  12.153022	  -2.286340
  12.215854	  -2.269335
  12.278686	  -2.245663
  12.341518	  -2.215454
  12.404350	  -2.178880
  12.467182	  -2.136148
  12.530013	  -2.087502
  12.592845	  -2.033224
  12.655677	  -1.973628
  12.718509	  -1.909066
  12.781341	  -1.839922
  12.844173	  -1.766615
  12.907004	  -1.689594
  12.969836	  -1.609337
  13.032668	  -1.526351
  13.095500	  -1.441166
  13.158332	  -1.354338
  13.221164	  -1.266435
  13.283996	  -1.178043
  13.346827	  -1.089751
  13.409659	  -1.002152
  13.472491	  -0.915829
  13.535323	  -0.831346
  13.598155	  -0.749242
  13.660987	  -0.670018
  13.723819	  -0.594126
  13.786650	  -0.521957
  13.849482	  -0.453838
  13.912314	  -0.390018
  13.975146	  -0.330670
  14.037978	  -0.275888
  14.100810	  -0.225689
  14.163642	  -0.180019
  14.226473	  -0.138762
  14.289305	  -0.101751
  14.352137	  -0.068778
  14.414969	  -0.039605
  14.477801	  -0.013979
  14.540633	   0.008362
  14.603465	   0.027678
  14.666296	   0.044220
  14.729128	   0.058224
  14.791960	   0.069904
  14.854792	   0.079453
  14.917624	   0.087035
  14.980456	   0.092789
  15.043287	   0.096821
  15.106119	   0.099209

   0.000000	   3.300000
   0.088858	   3.294358
   0.177715	   3.277473
   0.266573	   3.249467
   0.355431	   3.210543
   0.444288	   3.160980
   0.533146	   3.101133
   0.622004	   3.031429
   0.710861	   2.952357
   0.799719	   2.864471
   0.888577	   2.768378
   0.977434	   2.664734
   1.066292	   2.554233
   1.155150	   2.437609
   1.244007	   2.315617
   1.332865	   2.189034
   1.421723	   2.058647
   1.510580	   1.925247
   1.599438	   1.789621
   1.688296	   1.652543
   1.777153	   1.514772
   1.866011	   1.377040
   1.954868	   1.240050
   2.043726	   1.104470
   2.132584	   0.970926
   2.221441	   0.840000
   2.310299	   0.712229
   2.399157	   0.588097
   2.488014	   0.468039
   2.576872	   0.352437
   2.665730	   0.241622
   2.754587	   0.135870
   2.843445	   0.035410
   2.932303	  -0.059578
   3.021160	  -0.148959
   3.110018	  -0.232641
   3.198876	  -0.310570
   3.287733	  -0.382725
   3.376591	  -0.449117
   3.465449	  -0.509781
   3.554306	  -0.564772
   3.643164	  -0.614160
   3.732022	  -0.630779
   3.820879	  -0.620156
   3.909737	  -0.610330
   3.998595	  -0.601556
   4.087452	  -0.594057
   4.176310	  -0.588022
   4.265168	  -0.583602
   4.354025	  -0.580906

   4.442883	  -0.580000
   4.531741	  -0.576172
   4.620598	  -0.564703
   4.709456	  -0.545637
   4.798314	  -0.519051
   4.887171	  -0.485050
   4.976029	  -0.443766
   5.064887	  -0.395364
   5.153744	  -0.340035
   5.242602	  -0.277996
   5.331460	  -0.209493
   5.420317	  -0.134796
   5.509175	  -0.054199
   5.598033	   0.031979
   5.686890	   0.123397
   5.775748	   0.219697
   5.864605	   0.320496
   5.953463	   0.425398
   6.042321	   0.533988
   6.131178	   0.645838
   6.220036	   0.760507
   6.308894	   0.877542
   6.397751	   0.996480
   6.486609	   1.116854
   6.575467	   1.238186
   6.664324	   1.360000
   6.753182	   1.481814
   6.842040	   1.603146
   6.930897	   1.723520
   7.019755	   1.842458
   7.108613	   1.959493
   7.197470	   2.074162
   7.286328	   2.186012
   7.375186	   2.294602
   7.464043	   2.399504
   7.552901	   2.500303
   7.641759	   2.596603
   7.730616	   2.688021
   7.819474	   2.774199
   7.908332	   2.854796
   7.997189	   2.929493
   8.086047	   2.997996
   8.174905	   3.060035
   8.263762	   3.115364
   8.352620	   3.163766
   8.441478	   3.205050
   8.530335	   3.239051
   8.619193	   3.265637
   8.708051	   3.284703
   8.796908	   3.296172

   8.885766	   3.300000
   8.948598	   3.297634
   9.011430	   3.290563
   9.074261	   3.278871
   9.137093	   3.262698
   9.199925	   3.242238
   9.262757	   3.217738
   9.325589	   3.189500
   9.388421	   3.157871
   9.451253	   3.123247
   9.514084	   3.086065
   9.576916	   3.046801
   9.639748	   3.005955
   9.702580	   2.964053
   9.765412	   2.921629
   9.828244	   2.879218
   9.891076	   2.837342
   9.953907	   2.796495
  10.016739	   2.757135
  10.079571	   2.719670
  10.142403	   2.684445
  10.205235	   2.651741
  10.268067	   2.621767
  10.330898	   2.594659
  10.393730	   2.570483
  10.456562	   2.549242
  10.519394	   2.530881
  10.582226	   2.515296
  10.645058	   2.502342
  10.707890	   2.491848
  10.770721	   2.483615
  10.833553	   2.477436
  10.896385	   2.473091
  10.959217	   2.470360
  11.022049	   2.469028
  11.084881	   2.468880
  11.147713	   2.469716
  11.210544	   2.471340
  11.273376	   2.473572
  11.336208	   2.476244
  11.399040	   2.479200
  11.461872	   2.482299
  11.524704	   2.485412
  11.587536	   2.488425
  11.650367	   2.491238
  11.713199	   2.493764
  11.776031	   2.495930
  11.838863	   2.497676
  11.901695	   2.498956
  11.964527	   2.499737

  12.027359	   2.500000
  12.090190	   2.499737
  12.153022	   2.498956
  12.215854	   2.497676
  12.278686	   2.495930
  12.341518	   2.493764
  12.404350	   2.491238
  12.467182	   2.488425
  12.530013	   2.485412
  12.592845	   2.482299
  12.655677	   2.479200
  12.718509	   2.476244
  12.781341	   2.473572
  12.844173	   2.471340
  12.907004	   2.469716
  12.969836	   2.468880
  13.032668	   2.469028
  13.095500	   2.470360
  13.158332	   2.473091
  13.221164	   2.477436
  13.283996	   2.483615
  13.346827	   2.491848
  13.409659	   2.502342
  13.472491	   2.515296
  13.535323	   2.530881
  13.598155	   2.549242
  13.660987	   2.570483
  13.723819	   2.594659
  13.786650	   2.621767
  13.849482	   2.651741
  13.912314	   2.684445
  13.975146	   2.719670
  14.037978	   2.757135
  14.100810	   2.796495
  14.163642	   2.837342
  14.226473	   2.879218
  14.289305	   2.921629
  14.352137	   2.964053
  14.414969	   3.005955
  14.477801	   3.046801
  14.540633	   3.086065
  14.603465	   3.123247
  14.666296	   3.157871
  14.729128	   3.189500
  14.791960	   3.217738
  14.854792	   3.242238
  14.917624	   3.262698
  14.980456	   3.278871
  15.043287	   3.290563
  15.106119	   3.297634
